first lower bound: 99.5088
[45.5388][47.1153][48.0775][48.9599][50.1128][51.1729][52.7304][53.9615][53.9953][54.8669][54.18][54.156][54.1992][55.7737][55.3857][56.7779][57.5824][57.5444][57.5444][58.8806][59.0247][62.4145][63.104][63.631][64.785][65.5172][68.4279][68.3688][68.3688][71.1261]
[47.1153][48.0775][48.9599][50.1128][51.1729][52.7304][53.9615][53.9953][54.8669][54.18][54.156][54.1992][55.7737][55.3857][56.7779][57.5824][57.5444][57.5444][58.8806][59.0247][62.4145][63.104][63.631][64.785][65.5172][68.4279][68.3688][68.3688][71.1261]
[48.0775][48.9599][50.1128][51.1729][52.7304][53.9615][53.9953][54.8669][54.18][54.156][54.1992][55.7737][55.3857][56.7779][57.5824][57.5444][57.5444][58.8806][59.0247][62.4145][63.104][63.631][64.785][65.5172][68.4279][68.3688][68.3688][71.1261]
[48.9599][50.1128][51.1729][52.7304][53.9615][53.9953][54.8669][54.18][54.156][54.1992][55.7737][55.3857][56.7779][57.5824][57.5444][57.5444][58.8806][59.0247][62.4145][63.104][63.631][64.785][65.5172][68.4279][68.3688][68.3688][71.1261]
[50.1128][51.1729][52.7304][53.9615][53.9953][54.8669][54.18][54.156][54.1992][55.7737][55.3857][56.7779][57.5824][57.5444][57.5444][58.8806][59.0247][62.4145][63.104][63.631][64.785][65.5172][68.4279][68.3688][68.3688][71.1261]
[51.1729][52.7304][53.9615][53.9953][54.8669][54.18][54.156][54.1992][55.7737][55.3857][56.7779][57.5824][57.5444][57.5444][58.8806][59.0247][62.4145][63.104][63.631][64.785][65.5172][68.4279][68.3688][68.3688][71.1261]
[52.7304][53.9615][53.9953][54.8669][54.18][54.156][54.1992][55.7737][55.3857][56.7779][57.5824][57.5444][57.5444][58.8806][59.0247][62.4145][63.104][63.631][64.785][65.5172][68.4279][68.3688][68.3688][71.1261]
[53.9615][53.9953][54.8669][54.18][54.156][54.1992][55.7737][55.3857][56.7779][57.5824][57.5444][57.5444][58.8806][59.0247][62.4145][63.104][63.631][64.785][65.5172][68.4279][68.3688][68.3688][71.1261]
[53.9953][54.8669][54.18][54.156][54.1992][55.7737][55.3857][56.7779][57.5824][57.5444][57.5444][58.8806][59.0247][62.4145][63.104][63.631][64.785][65.5172][68.4279][68.3688][68.3688][71.1261]
[54.8669][54.18][54.156][54.1992][55.7737][55.3857][56.7779][57.5824][57.5444][57.5444][58.8806][59.0247][62.4145][63.104][63.631][64.785][65.5172][68.4279][68.3688][68.3688][71.1261]
[54.18][54.156][54.1992][55.7737][55.3857][56.7779][57.5824][57.5444][57.5444][58.8806][59.0247][62.4145][63.104][63.631][64.785][65.5172][68.4279][68.3688][68.3688][71.1261]
[54.156][54.1992][55.7737][55.3857][56.7779][57.5824][57.5444][57.5444][58.8806][59.0247][62.4145][63.104][63.631][64.785][65.5172][68.4279][68.3688][68.3688][71.1261]
[54.1992][55.7737][55.3857][56.7779][57.5824][57.5444][57.5444][58.8806][59.0247][62.4145][63.104][63.631][64.785][65.5172][68.4279][68.3688][68.3688][71.1261]
[55.7737][55.3857][56.7779][57.5824][57.5444][57.5444][58.8806][59.0247][62.4145][63.104][63.631][64.785][65.5172][68.4279][68.3688][68.3688][71.1261]
[55.3857][56.7779][57.5824][57.5444][57.5444][58.8806][59.0247][62.4145][63.104][63.631][64.785][65.5172][68.4279][68.3688][68.3688][71.1261]
[56.7779][57.5824][57.5444][57.5444][58.8806][59.0247][62.4145][63.104][63.631][64.785][65.5172][68.4279][68.3688][68.3688][71.1261]
[57.5824][57.5444][57.5444][58.8806][59.0247][62.4145][63.104][63.631][64.785][65.5172][68.4279][68.3688][68.3688][71.1261]
[57.5444][57.5444][58.8806][59.0247][62.4145][63.104][63.631][64.785][65.5172][68.4279][68.3688][68.3688][71.1261]
[57.5444][58.8806][59.0247][62.4145][63.104][63.631][64.785][65.5172][68.4279][68.3688][68.3688][71.1261]
[58.8806][59.0247][62.4145][63.104][63.631][64.785][65.5172][68.4279][68.3688][68.3688][71.1261]
[59.0247][62.4145][63.104][63.631][64.785][65.5172][68.4279][68.3688][68.3688][71.1261]
[62.4145][63.104][63.631][64.785][65.5172][68.4279][68.3688][68.3688][71.1261]
[63.104][63.631][64.785][65.5172][68.4279][68.3688][68.3688][71.1261]
[63.631][64.785][65.5172][68.4279][68.3688][68.3688][71.1261]
[64.785][65.5172][68.4279][68.3688][68.3688][71.1261]
[65.5172][68.4279][68.3688][68.3688][71.1261]
[68.4279][68.3688][68.3688][71.1261]
[68.3688][68.3688][71.1261]
[68.3688][71.1261]
[71.1261]
30   3    5    20   2    99.508835      (8.06, 9.59, 0.27) (6.71, 0.35, 9.42) (1.53, 8.09, 9.56) (6.75, 0.07, 1.8) (7.54, 8.93, 9.66)       0.053154  
