NODE BRANCH CRITERIA: VALUE
======================================================================================================================================================
n    K    m    z              S                                                                                                   CPU (s)   Nodes     
======================================================================================================================================================
15   2    2    11.859216      (0.58, 1.29) (8.65, 9.98)                                                                           0.022962  225       
15   2    3    27.372700      (0.58, 1.29) (9.11, 3.23) (8.65, 9.98)                                                              0.020696  225       
15   2    4    49.826782      (8.65, 9.98) (0.58, 1.29) (0.16, 4.62) (9.11, 3.23)                                                 0.177487  2227      
15   2    5    79.129532      (8.65, 9.98) (0.58, 1.29) (9.11, 3.23) (0.16, 4.62) (9.96, 8.17)                                    1.489357  19581     
------------------------------------------------------------------------------------------------------------------------------------------------------
20   2    2    8.510329       (0.63, 5.96) (8.67, 3.17)                                                                           0.063378  400       
20   2    3    21.996086      (0.63, 5.96) (8.57, 8.36) (8.67, 3.17)                                                              0.065013  400       
20   2    4    40.002258      (1.16, 4.47) (8.67, 3.17) (3.47, 9.43) (8.57, 8.36)                                                 0.481346  3208      
20   2    5    63.651680      (0.63, 5.96) (8.67, 3.17) (8.57, 8.36) (3.47, 9.43) (1.97, 3.5)                                     3.586625  24886     
------------------------------------------------------------------------------------------------------------------------------------------------------
30   2    2    11.657144      (2.07, 0.27) (9.84, 8.96)                                                                           0.333504  900       
30   2    3    28.944302      (9.84, 8.96) (2.07, 0.27) (1.91, 9.6)                                                               0.334577  900       
30   2    4    52.771175      (9.84, 8.96) (2.07, 0.27) (1.91, 9.6) (8, 1.53)                                                     1.367117  3868      
30   2    5    80.910248      (9.84, 8.96) (2.07, 0.27) (1.91, 9.6) (8, 1.53) (0.65, 3.26)                                        15.288421 45382     
------------------------------------------------------------------------------------------------------------------------------------------------------
15   3    2    13.273240      (9.88, 9.88, 6.26) (0.3, 0.92, 4.23)                                                                0.021537  225       
15   3    3    31.868526      (1.71, 1.95, 9.22) (9.88, 9.88, 6.26) (5.17, 1.39, 0.91)                                            0.022753  225       
15   3    4    59.763763      (1.71, 1.95, 9.22) (9.88, 9.88, 6.26) (0.3, 0.92, 4.23) (6.65, 9.45, 1.02)                          0.120794  1369      
15   3    5    96.085831      (9.88, 9.88, 6.26) (1.71, 1.95, 9.22) (0.3, 0.92, 4.23) (9.47, 3.56, 1.83) (1.15, 9.21, 3.11)       0.518703  6158      
------------------------------------------------------------------------------------------------------------------------------------------------------
20   3    2    11.800310      (9.81, 2.05, 1.83) (0.65, 3.76, 9.07)                                                               0.065279  400       
20   3    3    30.872660      (9.81, 2.05, 1.83) (0.65, 3.76, 9.07) (8.87, 9.56, 5.34)                                            0.066805  400       
20   3    4    56.690315      (9.81, 2.05, 1.83) (0.65, 3.76, 9.07) (9.6, 2.02, 9) (0.83, 7.06, 3.34)                             0.358267  2308      
20   3    5    92.829750      (0.65, 3.76, 9.07) (9.81, 2.05, 1.83) (8.87, 9.56, 5.34) (9.6, 2.02, 9) (0.83, 7.06, 3.34)          1.037310  6882      
------------------------------------------------------------------------------------------------------------------------------------------------------
30   3    2    13.073737      (8.06, 9.59, 0.27) (6.71, 0.35, 9.42)                                                               0.342230  900       
30   3    3    34.290527      (1.53, 8.09, 9.56) (8.06, 9.59, 0.27) (8.32, 0.47, 8.98)                                            0.339521  900       
30   3    4    63.701958      (8.06, 9.59, 0.27) (1.53, 8.09, 9.56) (6.75, 0.07, 1.8) (8.32, 0.47, 8.98)                          1.104165  3026      
30   3    5    99.592041      (8.06, 9.59, 0.27) (8.32, 0.47, 8.98) (1.53, 8.09, 9.56) (7.54, 8.93, 9.66) (6.75, 0.07, 1.8)       12.162709 34602     
------------------------------------------------------------------------------------------------------------------------------------------------------


NODE BRANCH CRITERIA: DEPTH
======================================================================================================================================================
n    K    m    z              S                                                                                                   CPU (s)   Nodes     
======================================================================================================================================================
15   2    2    11.859216      (8.65, 9.98) (0.58, 1.29)                                                                           0.025392  225       
15   2    3    27.372700      (8.65, 9.98) (0.58, 1.29) (9.11, 3.23)                                                              0.020489  225       
15   2    4    49.826782      (8.65, 9.98) (0.58, 1.29) (0.16, 4.62) (9.11, 3.23)                                                 0.178721  2227      
15   2    5    79.129532      (8.65, 9.98) (9.96, 8.17) (9.11, 3.23) (0.58, 1.29) (0.16, 4.62)                                    1.492161  19581     
------------------------------------------------------------------------------------------------------------------------------------------------------
20   2    2    8.510329       (0.63, 5.96) (8.67, 3.17)                                                                           0.062311  400       
20   2    3    21.996086      (0.63, 5.96) (8.57, 8.36) (8.67, 3.17)                                                              0.063733  400       
20   2    4    40.002258      (8.67, 3.17) (8.57, 8.36) (3.47, 9.43) (1.16, 4.47)                                                 0.478850  3208      
20   2    5    63.651680      (0.63, 5.96) (8.57, 8.36) (8.67, 3.17) (3.47, 9.43) (1.97, 3.5)                                     3.512977  24886     
------------------------------------------------------------------------------------------------------------------------------------------------------
30   2    2    11.657144      (2.07, 0.27) (9.84, 8.96)                                                                           0.320814  900       
30   2    3    28.944302      (9.84, 8.96) (2.07, 0.27) (1.91, 9.6)                                                               0.323929  900       
30   2    4    52.771175      (9.84, 8.96) (2.07, 0.27) (1.91, 9.6) (8, 1.53)                                                     1.368083  3868      
30   2    5    80.910248      (2.07, 0.27) (9.84, 8.96) (1.91, 9.6) (0.65, 3.26) (8, 1.53)                                        15.300777 45382     
------------------------------------------------------------------------------------------------------------------------------------------------------
15   3    2    13.273240      (9.88, 9.88, 6.26) (0.3, 0.92, 4.23)                                                                0.021599  225       
15   3    3    31.868526      (9.88, 9.88, 6.26) (1.71, 1.95, 9.22) (5.17, 1.39, 0.91)                                            0.022948  225       
15   3    4    59.763763      (1.71, 1.95, 9.22) (9.88, 9.88, 6.26) (0.3, 0.92, 4.23) (6.65, 9.45, 1.02)                          0.122219  1369      
15   3    5    96.085831      (9.88, 9.88, 6.26) (0.3, 0.92, 4.23) (1.71, 1.95, 9.22) (9.47, 3.56, 1.83) (1.15, 9.21, 3.11)       0.524925  6158      
------------------------------------------------------------------------------------------------------------------------------------------------------
20   3    2    11.800310      (9.81, 2.05, 1.83) (0.65, 3.76, 9.07)                                                               0.066183  400       
20   3    3    30.872660      (9.81, 2.05, 1.83) (0.65, 3.76, 9.07) (8.87, 9.56, 5.34)                                            0.073777  400       
20   3    4    56.690315      (9.81, 2.05, 1.83) (0.65, 3.76, 9.07) (9.6, 2.02, 9) (0.83, 7.06, 3.34)                             0.362874  2308      
20   3    5    92.829750      (0.65, 3.76, 9.07) (9.81, 2.05, 1.83) (0.83, 7.06, 3.34) (9.6, 2.02, 9) (8.87, 9.56, 5.34)          1.033919  6882      
------------------------------------------------------------------------------------------------------------------------------------------------------
30   3    2    13.073737      (8.06, 9.59, 0.27) (6.71, 0.35, 9.42)                                                               0.344209  900       
30   3    3    34.290527      (8.06, 9.59, 0.27) (8.32, 0.47, 8.98) (1.53, 8.09, 9.56)                                            0.343479  900       
30   3    4    63.701958      (8.06, 9.59, 0.27) (8.32, 0.47, 8.98) (1.53, 8.09, 9.56) (6.75, 0.07, 1.8)                          1.108150  3026      
30   3    5    99.592041      (8.32, 0.47, 8.98) (6.75, 0.07, 1.8) (7.54, 8.93, 9.66) (8.06, 9.59, 0.27) (1.53, 8.09, 9.56)       12.189257 34628     
------------------------------------------------------------------------------------------------------------------------------------------------------
