

a: 0    s: 0
======================================================================================================================================================
n    K    m    z              S                                                                                                   CPU (s)   Nodes     
======================================================================================================================================================
15   2    2    11.859216      (8.65, 9.98) (0.58, 1.29)                                                                           0.020262  225       
15   2    3    27.372700      (9.11, 3.23) (0.58, 1.29) (8.65, 9.98)                                                              0.024877  277       
15   2    4    49.826782      (0.58, 1.29) (8.65, 9.98) (9.11, 3.23) (0.16, 4.62)                                                 0.209970  2437      
15   2    5    79.129532      (9.11, 3.23) (0.16, 4.62) (9.96, 8.17) (8.65, 9.98) (0.58, 1.29)                                    1.925990  23393     
------------------------------------------------------------------------------------------------------------------------------------------------------
20   2    2    8.510329       (0.63, 5.96) (8.67, 3.17)                                                                           0.061392  400       
20   2    3    21.996086      (0.63, 5.96) (8.67, 3.17) (8.57, 8.36)                                                              0.061204  400       
20   2    4    40.002258      (3.47, 9.43) (8.67, 3.17) (1.16, 4.47) (8.57, 8.36)                                                 0.503625  3456      
20   2    5    63.651680      (3.47, 9.43) (8.57, 8.36) (1.97, 3.5) (0.63, 5.96) (8.67, 3.17)                                     4.463661  31768     
------------------------------------------------------------------------------------------------------------------------------------------------------
30   2    2    11.657144      (9.84, 8.96) (2.07, 0.27)                                                                           0.319027  900       
30   2    3    28.944302      (9.84, 8.96) (2.07, 0.27) (1.91, 9.6)                                                               0.318927  900       
30   2    4    52.771175      (9.84, 8.96) (2.07, 0.27) (1.91, 9.6) (8, 1.53)                                                     1.390907  3868      
30   2    5    80.910248      (9.84, 8.96) (2.07, 0.27) (1.91, 9.6) (8, 1.53) (0.65, 3.26)                                        15.356511 45382     
------------------------------------------------------------------------------------------------------------------------------------------------------
15   3    2    13.273240      (9.88, 9.88, 6.26) (0.3, 0.92, 4.23)                                                                0.020596  225       
15   3    3    31.868526      (5.17, 1.39, 0.91) (1.71, 1.95, 9.22) (9.88, 9.88, 6.26)                                            0.025053  277       
15   3    4    59.763760      (9.88, 9.88, 6.26) (0.3, 0.92, 4.23) (1.71, 1.95, 9.22) (6.65, 9.45, 1.02)                          0.120371  1393      
15   3    5    96.085831      (1.15, 9.21, 3.11) (9.47, 3.56, 1.83) (0.3, 0.92, 4.23) (1.71, 1.95, 9.22) (9.88, 9.88, 6.26)       0.551463  6635      
------------------------------------------------------------------------------------------------------------------------------------------------------
20   3    2    11.800310      (9.81, 2.05, 1.83) (0.65, 3.76, 9.07)                                                               0.064628  400       
20   3    3    30.872660      (9.81, 2.05, 1.83) (0.65, 3.76, 9.07) (8.87, 9.56, 5.34)                                            0.064657  400       
20   3    4    56.690315      (0.83, 7.06, 3.34) (9.81, 2.05, 1.83) (0.65, 3.76, 9.07) (9.6, 2.02, 9)                             0.375512  2461      
20   3    5    92.829750      (9.81, 2.05, 1.83) (0.65, 3.76, 9.07) (8.87, 9.56, 5.34) (0.83, 7.06, 3.34) (9.6, 2.02, 9)          1.024470  6882      
------------------------------------------------------------------------------------------------------------------------------------------------------
30   3    2    13.073737      (8.06, 9.59, 0.27) (6.71, 0.35, 9.42)                                                               0.343869  900       
30   3    3    34.290527      (8.32, 0.47, 8.98) (8.06, 9.59, 0.27) (1.53, 8.09, 9.56)                                            0.347165  928       
30   3    4    63.701958      (8.32, 0.47, 8.98) (6.75, 0.07, 1.8) (8.06, 9.59, 0.27) (1.53, 8.09, 9.56)                          1.156211  3193      
30   3    5    99.592041      (7.54, 8.93, 9.66) (6.75, 0.07, 1.8) (1.53, 8.09, 9.56) (8.32, 0.47, 8.98) (8.06, 9.59, 0.27)       12.321000 34931     
------------------------------------------------------------------------------------------------------------------------------------------------------


a: 0    s: 1
======================================================================================================================================================
n    K    m    z              S                                                                                                   CPU (s)   Nodes     
======================================================================================================================================================
15   2    2    11.859216      (8.65, 9.98) (0.58, 1.29)                                                                           0.018500  225       
15   2    3    27.372700      (9.11, 3.23) (0.58, 1.29) (8.65, 9.98)                                                              0.020437  251       
15   2    4    49.826782      (0.16, 4.62) (0.58, 1.29) (8.65, 9.98) (9.11, 3.23)                                                 0.280370  3673      
15   2    5    79.129532      (9.11, 3.23) (9.96, 8.17) (0.16, 4.62) (8.65, 9.98) (0.58, 1.29)                                    2.537928  30996     
------------------------------------------------------------------------------------------------------------------------------------------------------
20   2    2    8.510329       (0.63, 5.96) (8.67, 3.17)                                                                           0.061774  400       
20   2    3    21.996086      (0.63, 5.96) (8.67, 3.17) (8.57, 8.36)                                                              0.063047  400       
20   2    4    40.002258      (3.47, 9.43) (1.16, 4.47) (8.57, 8.36) (8.67, 3.17)                                                 0.530480  3621      
20   2    5    63.651680      (3.47, 9.43) (8.57, 8.36) (1.97, 3.5) (0.63, 5.96) (8.67, 3.17)                                     6.063780  42948     
------------------------------------------------------------------------------------------------------------------------------------------------------
30   2    2    11.657144      (9.84, 8.96) (2.07, 0.27)                                                                           0.320782  900       
30   2    3    28.944302      (9.84, 8.96) (2.07, 0.27) (1.91, 9.6)                                                               0.321362  900       
30   2    4    52.771175      (9.84, 8.96) (2.07, 0.27) (1.91, 9.6) (8, 1.53)                                                     1.354545  3868      
30   2    5    80.910248      (9.84, 8.96) (2.07, 0.27) (1.91, 9.6) (8, 1.53) (0.65, 3.26)                                        15.265919 45382     
------------------------------------------------------------------------------------------------------------------------------------------------------
15   3    2    13.273240      (9.88, 9.88, 6.26) (0.3, 0.92, 4.23)                                                                0.020619  225       
15   3    3    31.868526      (1.71, 1.95, 9.22) (5.17, 1.39, 0.91) (9.88, 9.88, 6.26)                                            0.023528  264       
15   3    4    59.763760      (9.88, 9.88, 6.26) (0.3, 0.92, 4.23) (1.71, 1.95, 9.22) (6.65, 9.45, 1.02)                          0.120077  1393      
15   3    5    96.085838      (0.3, 0.92, 4.23) (1.15, 9.21, 3.11) (9.88, 9.88, 6.26) (1.71, 1.95, 9.22) (9.47, 3.56, 1.83)       0.738401  8911      
------------------------------------------------------------------------------------------------------------------------------------------------------
20   3    2    11.800310      (9.81, 2.05, 1.83) (0.65, 3.76, 9.07)                                                               0.064479  400       
20   3    3    30.872660      (9.81, 2.05, 1.83) (0.65, 3.76, 9.07) (8.87, 9.56, 5.34)                                            0.064978  400       
20   3    4    56.690315      (0.83, 7.06, 3.34) (9.81, 2.05, 1.83) (0.65, 3.76, 9.07) (9.6, 2.02, 9)                             0.359232  2342      
20   3    5    92.829750      (9.81, 2.05, 1.83) (0.65, 3.76, 9.07) (8.87, 9.56, 5.34) (0.83, 7.06, 3.34) (9.6, 2.02, 9)          1.026768  6882      
------------------------------------------------------------------------------------------------------------------------------------------------------
30   3    2    13.073737      (8.06, 9.59, 0.27) (6.71, 0.35, 9.42)                                                               0.344973  900       
30   3    3    34.290527      (8.32, 0.47, 8.98) (8.06, 9.59, 0.27) (1.53, 8.09, 9.56)                                            0.346774  928       
30   3    4    63.701965      (1.53, 8.09, 9.56) (8.32, 0.47, 8.98) (8.06, 9.59, 0.27) (6.75, 0.07, 1.8)                          1.262179  3495      
30   3    5    99.592041      (8.32, 0.47, 8.98) (6.75, 0.07, 1.8) (7.54, 8.93, 9.66) (8.06, 9.59, 0.27) (1.53, 8.09, 9.56)       12.391002 35282     
------------------------------------------------------------------------------------------------------------------------------------------------------


a: 1    s: 0
======================================================================================================================================================
n    K    m    z              S                                                                                                   CPU (s)   Nodes     
======================================================================================================================================================
15   2    2    11.859216      (0.58, 1.29) (8.65, 9.98)                                                                           0.020979  225       
