ALL ITERATIONS.
======================================================================================================================================================
n    K    m    It   LRC  z              S                                                                                                   CPU (s)   
======================================================================================================================================================
15   2    2    10   2    11.859216      (0.58, 1.29) (8.65, 9.98)                                                                           0.004584  
15   2    2    10   3    11.859216      (8.65, 9.98) (0.58, 1.29)                                                                           0.004961  
15   2    2    20   2    11.859216      (0.58, 1.29) (8.65, 9.98)                                                                           0.002723  
15   2    2    20   3    11.859216      (8.65, 9.98) (0.58, 1.29)                                                                           0.002437  
15   2    3    10   2    27.372700      (8.65, 9.98) (0.58, 1.29) (9.11, 3.23)                                                              0.002220  
15   2    3    10   3    27.372700      (0.58, 1.29) (9.11, 3.23) (8.65, 9.98)                                                              0.002511  
15   2    3    20   2    27.372700      (8.65, 9.98) (0.58, 1.29) (9.11, 3.23)                                                              0.004468  
15   2    3    20   3    27.372700      (0.58, 1.29) (8.65, 9.98) (9.11, 3.23)                                                              0.004961  
15   2    4    10   2    49.826782      (0.58, 1.29) (8.65, 9.98) (0.16, 4.62) (9.11, 3.23)                                                 0.005057  
15   2    4    10   3    49.826782      (8.65, 9.98) (0.58, 1.29) (0.16, 4.62) (9.11, 3.23)                                                 0.005520  
15   2    4    20   2    49.826782      (8.65, 9.98) (0.58, 1.29) (0.16, 4.62) (9.11, 3.23)                                                 0.009834  
15   2    4    20   3    49.826782      (0.58, 1.29) (0.16, 4.62) (8.65, 9.98) (9.11, 3.23)                                                 0.010217  
15   2    5    10   2    79.129532      (8.65, 9.98) (0.58, 1.29) (9.11, 3.23) (0.16, 4.62) (9.96, 8.17)                                    0.007667  
15   2    5    10   3    79.129532      (8.65, 9.98) (9.11, 3.23) (0.58, 1.29) (0.16, 4.62) (9.96, 8.17)                                    0.007244  
15   2    5    20   2    79.129532      (8.65, 9.98) (0.58, 1.29) (9.11, 3.23) (0.16, 4.62) (9.96, 8.17)                                    0.014756  
15   2    5    20   3    79.129539      (8.65, 9.98) (0.16, 4.62) (0.58, 1.29) (9.11, 3.23) (9.96, 8.17)                                    0.014317  
------------------------------------------------------------------------------------------------------------------------------------------------------
20   2    2    10   2    8.510329       (0.63, 5.96) (8.67, 3.17)                                                                           0.001110  
20   2    2    10   3    8.510329       (8.67, 3.17) (0.63, 5.96)                                                                           0.001275  
20   2    2    20   2    8.510329       (0.63, 5.96) (8.67, 3.17)                                                                           0.002343  
20   2    2    20   3    8.510329       (8.67, 3.17) (0.63, 5.96)                                                                           0.002877  
20   2    3    10   2    21.996086      (0.63, 5.96) (8.67, 3.17) (8.57, 8.36)                                                              0.002534  
20   2    3    10   3    21.996086      (0.63, 5.96) (8.67, 3.17) (8.57, 8.36)                                                              0.002795  
20   2    3    20   2    21.996086      (0.63, 5.96) (8.57, 8.36) (8.67, 3.17)                                                              0.005767  
20   2    3    20   3    21.996086      (8.57, 8.36) (8.67, 3.17) (0.63, 5.96)                                                              0.005884  
20   2    4    10   2    40.002258      (1.16, 4.47) (8.57, 8.36) (8.67, 3.17) (3.47, 9.43)                                                 0.005120  
20   2    4    10   3    40.002258      (8.67, 3.17) (8.57, 8.36) (3.47, 9.43) (1.16, 4.47)                                                 0.006683  
20   2    4    20   2    40.002258      (1.16, 4.47) (8.67, 3.17) (8.57, 8.36) (3.47, 9.43)                                                 0.010247  
20   2    4    20   3    40.002258      (8.67, 3.17) (3.47, 9.43) (8.57, 8.36) (1.16, 4.47)                                                 0.012134  
20   2    5    10   2    63.651680      (8.57, 8.36) (8.67, 3.17) (3.47, 9.43) (1.97, 3.5) (0.63, 5.96)                                     0.008239  
20   2    5    10   3    63.651680      (0.63, 5.96) (8.57, 8.36) (8.67, 3.17) (3.47, 9.43) (1.97, 3.5)                                     0.010618  
20   2    5    20   2    63.651680      (0.63, 5.96) (8.57, 8.36) (8.67, 3.17) (3.47, 9.43) (1.97, 3.5)                                     0.017191  
20   2    5    20   3    63.651680      (0.63, 5.96) (8.57, 8.36) (8.67, 3.17) (3.47, 9.43) (1.97, 3.5)                                     0.019836  
------------------------------------------------------------------------------------------------------------------------------------------------------
30   2    2    10   2    11.657144      (2.07, 0.27) (9.84, 8.96)                                                                           0.001666  
30   2    2    10   3    11.657144      (9.84, 8.96) (2.07, 0.27)                                                                           0.002138  
30   2    2    20   2    11.657144      (9.84, 8.96) (2.07, 0.27)                                                                           0.003593  
30   2    2    20   3    11.657144      (9.84, 8.96) (2.07, 0.27)                                                                           0.003727  
30   2    3    10   2    28.944302      (9.84, 8.96) (2.07, 0.27) (1.91, 9.6)                                                               0.003325  
30   2    3    10   3    28.944302      (1.91, 9.6) (9.84, 8.96) (2.07, 0.27)                                                               0.004448  
30   2    3    20   2    28.944302      (9.84, 8.96) (2.07, 0.27) (1.91, 9.6)                                                               0.006282  
30   2    3    20   3    28.944302      (9.84, 8.96) (1.91, 9.6) (2.07, 0.27)                                                               0.008415  
30   2    4    10   2    52.771175      (9.84, 8.96) (2.07, 0.27) (1.91, 9.6) (8, 1.53)                                                     0.005876  
30   2    4    10   3    52.771175      (9.84, 8.96) (2.07, 0.27) (1.91, 9.6) (8, 1.53)                                                     0.008221  
30   2    4    20   2    52.771175      (9.84, 8.96) (1.91, 9.6) (2.07, 0.27) (8, 1.53)                                                     0.013833  
30   2    4    20   3    52.771175      (9.84, 8.96) (2.07, 0.27) (1.91, 9.6) (8, 1.53)                                                     0.016188  
30   2    5    10   2    80.910248      (9.84, 8.96) (2.07, 0.27) (1.91, 9.6) (8, 1.53) (0.65, 3.26)                                        0.012996  
30   2    5    10   3    80.910248      (9.84, 8.96) (1.91, 9.6) (2.07, 0.27) (8, 1.53) (0.65, 3.26)                                        0.014590  
30   2    5    20   2    80.910248      (9.84, 8.96) (2.07, 0.27) (1.91, 9.6) (8, 1.53) (0.65, 3.26)                                        0.027478  
30   2    5    20   3    80.910248      (9.84, 8.96) (2.07, 0.27) (1.91, 9.6) (8, 1.53) (0.65, 3.26)                                        0.028938  
------------------------------------------------------------------------------------------------------------------------------------------------------


======================================================================================================================================================
n    K    m    It   LRC  z              S                                                                                                   CPU (s)   
======================================================================================================================================================
15   3    2    10   2    13.273240      (9.88, 9.88, 6.26) (0.3, 0.92, 4.23)                                                                0.000924  
15   3    2    10   3    13.273240      (0.3, 0.92, 4.23) (9.88, 9.88, 6.26)                                                                0.001180  
15   3    2    20   2    13.273240      (9.88, 9.88, 6.26) (0.3, 0.92, 4.23)                                                                0.001938  
15   3    2    20   3    13.273240      (9.88, 9.88, 6.26) (0.3, 0.92, 4.23)                                                                0.002452  
15   3    3    10   2    31.868526      (9.88, 9.88, 6.26) (1.71, 1.95, 9.22) (5.17, 1.39, 0.91)                                            0.002307  
15   3    3    10   3    31.868526      (1.71, 1.95, 9.22) (9.88, 9.88, 6.26) (5.17, 1.39, 0.91)                                            0.002404  
15   3    3    20   2    31.868526      (1.71, 1.95, 9.22) (9.88, 9.88, 6.26) (5.17, 1.39, 0.91)                                            0.003935  
15   3    3    20   3    31.868526      (1.71, 1.95, 9.22) (9.88, 9.88, 6.26) (5.17, 1.39, 0.91)                                            0.004884  
15   3    4    10   2    59.763763      (1.71, 1.95, 9.22) (9.88, 9.88, 6.26) (0.3, 0.92, 4.23) (6.65, 9.45, 1.02)                          0.002156  
15   3    4    10   3    59.763763      (1.71, 1.95, 9.22) (9.88, 9.88, 6.26) (0.3, 0.92, 4.23) (6.65, 9.45, 1.02)                          0.004000  
15   3    4    20   2    59.763763      (1.71, 1.95, 9.22) (9.88, 9.88, 6.26) (0.3, 0.92, 4.23) (6.65, 9.45, 1.02)                          0.005094  
15   3    4    20   3    59.763763      (1.71, 1.95, 9.22) (9.88, 9.88, 6.26) (0.3, 0.92, 4.23) (6.65, 9.45, 1.02)                          0.006956  
15   3    5    10   2    96.085831      (1.71, 1.95, 9.22) (9.88, 9.88, 6.26) (0.3, 0.92, 4.23) (9.47, 3.56, 1.83) (1.15, 9.21, 3.11)       0.005290  
15   3    5    10   3    96.085831      (0.3, 0.92, 4.23) (1.71, 1.95, 9.22) (9.88, 9.88, 6.26) (9.47, 3.56, 1.83) (1.15, 9.21, 3.11)       0.008234  
15   3    5    20   2    96.085831      (9.88, 9.88, 6.26) (1.71, 1.95, 9.22) (0.3, 0.92, 4.23) (9.47, 3.56, 1.83) (1.15, 9.21, 3.11)       0.011979  
15   3    5    20   3    96.085831      (0.3, 0.92, 4.23) (9.88, 9.88, 6.26) (1.71, 1.95, 9.22) (9.47, 3.56, 1.83) (1.15, 9.21, 3.11)       0.014438  
------------------------------------------------------------------------------------------------------------------------------------------------------
20   3    2    10   2    11.800310      (0.65, 3.76, 9.07) (9.81, 2.05, 1.83)                                                               0.001268  
20   3    2    10   3    11.800310      (0.65, 3.76, 9.07) (9.81, 2.05, 1.83)                                                               0.001423  
20   3    2    20   2    11.800310      (9.81, 2.05, 1.83) (0.65, 3.76, 9.07)                                                               0.003378  
20   3    2    20   3    11.800310      (9.81, 2.05, 1.83) (0.65, 3.76, 9.07)                                                               0.003395  
20   3    3    10   2    30.872660      (0.65, 3.76, 9.07) (9.81, 2.05, 1.83) (8.87, 9.56, 5.34)                                            0.002078  
20   3    3    10   3    30.872660      (9.81, 2.05, 1.83) (0.65, 3.76, 9.07) (8.87, 9.56, 5.34)                                            0.002689  
20   3    3    20   2    30.872660      (0.65, 3.76, 9.07) (9.81, 2.05, 1.83) (8.87, 9.56, 5.34)                                            0.004576  
20   3    3    20   3    30.872660      (0.65, 3.76, 9.07) (8.87, 9.56, 5.34) (9.81, 2.05, 1.83)                                            0.006184  
20   3    4    10   2    56.690315      (9.81, 2.05, 1.83) (0.65, 3.76, 9.07) (9.6, 2.02, 9) (0.83, 7.06, 3.34)                             0.005009  
20   3    4    10   3    56.690315      (9.81, 2.05, 1.83) (0.65, 3.76, 9.07) (9.6, 2.02, 9) (0.83, 7.06, 3.34)                             0.005601  
20   3    4    20   2    56.690315      (9.81, 2.05, 1.83) (0.65, 3.76, 9.07) (9.6, 2.02, 9) (0.83, 7.06, 3.34)                             0.009798  
20   3    4    20   3    56.690315      (9.81, 2.05, 1.83) (9.6, 2.02, 9) (0.65, 3.76, 9.07) (0.83, 7.06, 3.34)                             0.011897  
20   3    5    10   2    92.829750      (0.65, 3.76, 9.07) (9.81, 2.05, 1.83) (8.87, 9.56, 5.34) (9.6, 2.02, 9) (0.83, 7.06, 3.34)          0.008172  
20   3    5    10   3    92.829750      (0.65, 3.76, 9.07) (9.81, 2.05, 1.83) (9.6, 2.02, 9) (0.83, 7.06, 3.34) (8.87, 9.56, 5.34)          0.010491  
20   3    5    20   2    92.829750      (0.65, 3.76, 9.07) (9.81, 2.05, 1.83) (8.87, 9.56, 5.34) (9.6, 2.02, 9) (0.83, 7.06, 3.34)          0.014986  
20   3    5    20   3    92.829750      (9.81, 2.05, 1.83) (0.65, 3.76, 9.07) (8.87, 9.56, 5.34) (9.6, 2.02, 9) (0.83, 7.06, 3.34)          0.019278  
------------------------------------------------------------------------------------------------------------------------------------------------------
30   3    2    10   2    13.073737      (8.06, 9.59, 0.27) (6.71, 0.35, 9.42)                                                               0.001699  
30   3    2    10   3    13.073737      (8.06, 9.59, 0.27) (6.71, 0.35, 9.42)                                                               0.002524  
30   3    2    20   2    13.073737      (8.06, 9.59, 0.27) (6.71, 0.35, 9.42)                                                               0.003424  
30   3    2    20   3    13.073737      (8.06, 9.59, 0.27) (6.71, 0.35, 9.42)                                                               0.004609  
30   3    3    10   2    34.290527      (8.06, 9.59, 0.27) (1.53, 8.09, 9.56) (8.32, 0.47, 8.98)                                            0.004848  
30   3    3    10   3    34.290527      (1.53, 8.09, 9.56) (8.06, 9.59, 0.27) (8.32, 0.47, 8.98)                                            0.004662  
30   3    3    20   2    34.290527      (1.53, 8.09, 9.56) (8.06, 9.59, 0.27) (8.32, 0.47, 8.98)                                            0.008578  
30   3    3    20   3    34.290527      (1.53, 8.09, 9.56) (8.06, 9.59, 0.27) (8.32, 0.47, 8.98)                                            0.009353  
30   3    4    10   2    63.701962      (1.53, 8.09, 9.56) (8.06, 9.59, 0.27) (8.32, 0.47, 8.98) (6.75, 0.07, 1.8)                          0.007281  
30   3    4    10   3    63.701962      (1.53, 8.09, 9.56) (8.06, 9.59, 0.27) (8.32, 0.47, 8.98) (6.75, 0.07, 1.8)                          0.008452  
30   3    4    20   2    63.701962      (1.53, 8.09, 9.56) (8.06, 9.59, 0.27) (8.32, 0.47, 8.98) (6.75, 0.07, 1.8)                          0.016838  
30   3    4    20   3    63.701962      (1.53, 8.09, 9.56) (8.06, 9.59, 0.27) (8.32, 0.47, 8.98) (6.75, 0.07, 1.8)                          0.017609  
30   3    5    10   2    99.592033      (1.53, 8.09, 9.56) (6.75, 0.07, 1.8) (8.06, 9.59, 0.27) (7.54, 8.93, 9.66) (8.32, 0.47, 8.98)       0.014257  
30   3    5    10   3    99.592041      (6.75, 0.07, 1.8) (1.53, 8.09, 9.56) (8.06, 9.59, 0.27) (8.32, 0.47, 8.98) (7.54, 8.93, 9.66)       0.013817  
30   3    5    20   2    99.592041      (8.06, 9.59, 0.27) (8.32, 0.47, 8.98) (7.54, 8.93, 9.66) (6.75, 0.07, 1.8) (1.53, 8.09, 9.56)       0.031556  
30   3    5    20   3    99.592041      (6.75, 0.07, 1.8) (7.54, 8.93, 9.66) (1.53, 8.09, 9.56) (8.32, 0.47, 8.98) (8.06, 9.59, 0.27)       0.028969  
------------------------------------------------------------------------------------------------------------------------------------------------------


NO_PROGRESS_ITERATIONS.
======================================================================================================================================================
n    K    m    It   LRC  z              S                                                                                                   CPU (s)   
======================================================================================================================================================
15   2    2    10   2    11.859216      (0.58, 1.29) (8.65, 9.98)                                                                           0.004825  
15   2    2    10   3    11.859216      (0.58, 1.29) (8.65, 9.98)                                                                           0.003260  
15   2    2    20   2    11.859216      (0.58, 1.29) (8.65, 9.98)                                                                           0.002403  
15   2    2    20   3    11.859216      (0.58, 1.29) (8.65, 9.98)                                                                           0.002618  
15   2    3    10   2    27.372700      (0.58, 1.29) (9.11, 3.23) (8.65, 9.98)                                                              0.002551  
15   2    3    10   3    27.372700      (8.65, 9.98) (9.11, 3.23) (0.58, 1.29)                                                              0.002598  
15   2    3    20   2    27.372700      (8.65, 9.98) (0.58, 1.29) (9.11, 3.23)                                                              0.004717  
15   2    3    20   3    27.372700      (9.11, 3.23) (0.58, 1.29) (8.65, 9.98)                                                              0.005281  
15   2    4    10   2    49.826782      (8.65, 9.98) (0.58, 1.29) (0.16, 4.62) (9.11, 3.23)                                                 0.005862  
15   2    4    10   3    49.826782      (8.65, 9.98) (0.58, 1.29) (0.16, 4.62) (9.11, 3.23)                                                 0.006081  
15   2    4    20   2    49.826782      (8.65, 9.98) (0.58, 1.29) (0.16, 4.62) (9.11, 3.23)                                                 0.010605  
15   2    4    20   3    49.826782      (8.65, 9.98) (0.58, 1.29) (0.16, 4.62) (9.11, 3.23)                                                 0.010717  
15   2    5    10   2    79.129532      (0.58, 1.29) (9.96, 8.17) (8.65, 9.98) (9.11, 3.23) (0.16, 4.62)                                    0.008153  
15   2    5    10   3    79.129532      (0.58, 1.29) (9.96, 8.17) (9.11, 3.23) (0.16, 4.62) (8.65, 9.98)                                    0.009188  
15   2    5    20   2    79.129532      (8.65, 9.98) (0.58, 1.29) (9.11, 3.23) (0.16, 4.62) (9.96, 8.17)                                    0.014770  
15   2    5    20   3    79.129532      (9.96, 8.17) (0.58, 1.29) (0.16, 4.62) (9.11, 3.23) (8.65, 9.98)                                    0.015043  
------------------------------------------------------------------------------------------------------------------------------------------------------
20   2    2    10   2    8.510329       (0.63, 5.96) (8.67, 3.17)                                                                           0.001495  
20   2    2    10   3    8.510329       (8.67, 3.17) (0.63, 5.96)                                                                           0.001568  
20   2    2    20   2    8.510329       (0.63, 5.96) (8.67, 3.17)                                                                           0.002477  
20   2    2    20   3    8.510329       (0.63, 5.96) (8.67, 3.17)                                                                           0.002829  
20   2    3    10   2    21.996086      (0.63, 5.96) (8.57, 8.36) (8.67, 3.17)                                                              0.002985  
20   2    3    10   3    21.996086      (8.67, 3.17) (0.63, 5.96) (8.57, 8.36)                                                              0.002981  
20   2    3    20   2    21.996086      (8.57, 8.36) (8.67, 3.17) (0.63, 5.96)                                                              0.005106  
20   2    3    20   3    21.996086      (8.57, 8.36) (8.67, 3.17) (0.63, 5.96)                                                              0.006291  
20   2    4    10   2    40.002258      (1.16, 4.47) (8.67, 3.17) (8.57, 8.36) (3.47, 9.43)                                                 0.005702  
20   2    4    10   3    40.002258      (8.67, 3.17) (3.47, 9.43) (8.57, 8.36) (1.16, 4.47)                                                 0.006813  
20   2    4    20   2    40.002258      (1.16, 4.47) (8.67, 3.17) (8.57, 8.36) (3.47, 9.43)                                                 0.010873  
20   2    4    20   3    40.002258      (8.67, 3.17) (8.57, 8.36) (3.47, 9.43) (1.16, 4.47)                                                 0.012885  
20   2    5    10   2    63.651680      (0.63, 5.96) (8.67, 3.17) (3.47, 9.43) (1.97, 3.5) (8.57, 8.36)                                     0.009692  
20   2    5    10   3    63.651680      (0.63, 5.96) (8.67, 3.17) (3.47, 9.43) (8.57, 8.36) (1.97, 3.5)                                     0.011011  
20   2    5    20   2    63.651680      (8.57, 8.36) (8.67, 3.17) (3.47, 9.43) (1.97, 3.5) (0.63, 5.96)                                     0.018217  
20   2    5    20   3    63.651680      (0.63, 5.96) (8.57, 8.36) (3.47, 9.43) (8.67, 3.17) (1.97, 3.5)                                     0.021849  
------------------------------------------------------------------------------------------------------------------------------------------------------
30   2    2    10   2    11.657144      (9.84, 8.96) (2.07, 0.27)                                                                           0.001725  
30   2    2    10   3    11.657144      (9.84, 8.96) (2.07, 0.27)                                                                           0.002430  
30   2    2    20   2    11.657144      (2.07, 0.27) (9.84, 8.96)                                                                           0.003354  
30   2    2    20   3    11.657144      (2.07, 0.27) (9.84, 8.96)                                                                           0.004285  
30   2    3    10   2    28.944302      (9.84, 8.96) (2.07, 0.27) (1.91, 9.6)                                                               0.003935  
30   2    3    10   3    28.944302      (9.84, 8.96) (2.07, 0.27) (1.91, 9.6)                                                               0.005210  
30   2    3    20   2    28.944302      (9.84, 8.96) (2.07, 0.27) (1.91, 9.6)                                                               0.006545  
30   2    3    20   3    28.944302      (9.84, 8.96) (1.91, 9.6) (2.07, 0.27)                                                               0.009356  
30   2    4    10   2    52.771175      (9.84, 8.96) (1.91, 9.6) (2.07, 0.27) (8, 1.53)                                                     0.007394  
30   2    4    10   3    52.771175      (9.84, 8.96) (1.91, 9.6) (8, 1.53) (2.07, 0.27)                                                     0.009595  
30   2    4    20   2    52.771175      (9.84, 8.96) (1.91, 9.6) (2.07, 0.27) (8, 1.53)                                                     0.013340  
30   2    4    20   3    52.771175      (9.84, 8.96) (2.07, 0.27) (1.91, 9.6) (8, 1.53)                                                     0.017852  
30   2    5    10   2    80.910248      (2.07, 0.27) (1.91, 9.6) (9.84, 8.96) (8, 1.53) (0.65, 3.26)                                        0.016577  
30   2    5    10   3    80.910248      (9.84, 8.96) (0.65, 3.26) (2.07, 0.27) (1.91, 9.6) (8, 1.53)                                        0.016780  
30   2    5    20   2    80.910248      (9.84, 8.96) (2.07, 0.27) (1.91, 9.6) (8, 1.53) (0.65, 3.26)                                        0.025563  
30   2    5    20   3    80.910248      (2.07, 0.27) (1.91, 9.6) (9.84, 8.96) (8, 1.53) (0.65, 3.26)                                        0.029801  
------------------------------------------------------------------------------------------------------------------------------------------------------


======================================================================================================================================================
n    K    m    It   LRC  z              S                                                                                                   CPU (s)   
======================================================================================================================================================
15   3    2    10   2    13.273240      (9.88, 9.88, 6.26) (0.3, 0.92, 4.23)                                                                0.001089  
15   3    2    10   3    13.273240      (9.88, 9.88, 6.26) (0.3, 0.92, 4.23)                                                                0.001476  
15   3    2    20   2    13.273240      (9.88, 9.88, 6.26) (0.3, 0.92, 4.23)                                                                0.002025  
15   3    2    20   3    13.273240      (9.88, 9.88, 6.26) (0.3, 0.92, 4.23)                                                                0.002709  
15   3    3    10   2    31.868526      (9.88, 9.88, 6.26) (1.71, 1.95, 9.22) (5.17, 1.39, 0.91)                                            0.001943  
15   3    3    10   3    31.868526      (9.88, 9.88, 6.26) (1.71, 1.95, 9.22) (5.17, 1.39, 0.91)                                            0.002528  
15   3    3    20   2    31.868526      (1.71, 1.95, 9.22) (9.88, 9.88, 6.26) (5.17, 1.39, 0.91)                                            0.004040  
15   3    3    20   3    31.868526      (1.71, 1.95, 9.22) (5.17, 1.39, 0.91) (9.88, 9.88, 6.26)                                            0.004871  
15   3    4    10   2    59.763760      (9.88, 9.88, 6.26) (0.3, 0.92, 4.23) (1.71, 1.95, 9.22) (6.65, 9.45, 1.02)                          0.002787  
15   3    4    10   3    59.763763      (1.71, 1.95, 9.22) (9.88, 9.88, 6.26) (0.3, 0.92, 4.23) (6.65, 9.45, 1.02)                          0.004392  
15   3    4    20   2    59.763763      (1.71, 1.95, 9.22) (9.88, 9.88, 6.26) (0.3, 0.92, 4.23) (6.65, 9.45, 1.02)                          0.005857  
15   3    4    20   3    59.763763      (1.71, 1.95, 9.22) (9.88, 9.88, 6.26) (0.3, 0.92, 4.23) (6.65, 9.45, 1.02)                          0.007639  
15   3    5    10   2    96.085831      (1.71, 1.95, 9.22) (9.88, 9.88, 6.26) (0.3, 0.92, 4.23) (9.47, 3.56, 1.83) (1.15, 9.21, 3.11)       0.006523  
15   3    5    10   3    96.085838      (9.88, 9.88, 6.26) (1.71, 1.95, 9.22) (9.47, 3.56, 1.83) (1.15, 9.21, 3.11) (0.3, 0.92, 4.23)       0.008662  
15   3    5    20   2    96.085831      (1.71, 1.95, 9.22) (9.47, 3.56, 1.83) (9.88, 9.88, 6.26) (0.3, 0.92, 4.23) (1.15, 9.21, 3.11)       0.013187  
15   3    5    20   3    96.085831      (9.88, 9.88, 6.26) (1.71, 1.95, 9.22) (0.3, 0.92, 4.23) (9.47, 3.56, 1.83) (1.15, 9.21, 3.11)       0.015934  
------------------------------------------------------------------------------------------------------------------------------------------------------
20   3    2    10   2    11.800310      (9.81, 2.05, 1.83) (0.65, 3.76, 9.07)                                                               0.001261  
20   3    2    10   3    11.800310      (0.65, 3.76, 9.07) (9.81, 2.05, 1.83)                                                               0.001727  
20   3    2    20   2    11.800310      (0.65, 3.76, 9.07) (9.81, 2.05, 1.83)                                                               0.002793  
20   3    2    20   3    11.800310      (0.65, 3.76, 9.07) (9.81, 2.05, 1.83)                                                               0.002911  
20   3    3    10   2    30.872660      (9.81, 2.05, 1.83) (0.65, 3.76, 9.07) (8.87, 9.56, 5.34)                                            0.002578  
20   3    3    10   3    30.872660      (9.81, 2.05, 1.83) (0.65, 3.76, 9.07) (8.87, 9.56, 5.34)                                            0.003217  
20   3    3    20   2    30.872660      (0.65, 3.76, 9.07) (9.81, 2.05, 1.83) (8.87, 9.56, 5.34)                                            0.004601  
20   3    3    20   3    30.872660      (9.81, 2.05, 1.83) (0.65, 3.76, 9.07) (8.87, 9.56, 5.34)                                            0.005875  
20   3    4    10   2    56.690315      (9.81, 2.05, 1.83) (0.65, 3.76, 9.07) (9.6, 2.02, 9) (0.83, 7.06, 3.34)                             0.005704  
20   3    4    10   3    56.690315      (9.81, 2.05, 1.83) (0.65, 3.76, 9.07) (9.6, 2.02, 9) (0.83, 7.06, 3.34)                             0.006952  
20   3    4    20   2    56.690315      (9.81, 2.05, 1.83) (0.65, 3.76, 9.07) (9.6, 2.02, 9) (0.83, 7.06, 3.34)                             0.011148  
20   3    4    20   3    56.690315      (9.81, 2.05, 1.83) (0.65, 3.76, 9.07) (9.6, 2.02, 9) (0.83, 7.06, 3.34)                             0.012441  
20   3    5    10   2    92.829750      (9.81, 2.05, 1.83) (9.6, 2.02, 9) (0.83, 7.06, 3.34) (8.87, 9.56, 5.34) (0.65, 3.76, 9.07)          0.009561  
20   3    5    10   3    92.829750      (9.81, 2.05, 1.83) (0.65, 3.76, 9.07) (8.87, 9.56, 5.34) (0.83, 7.06, 3.34) (9.6, 2.02, 9)          0.008650  
20   3    5    20   2    92.829750      (9.81, 2.05, 1.83) (0.65, 3.76, 9.07) (9.6, 2.02, 9) (0.83, 7.06, 3.34) (8.87, 9.56, 5.34)          0.016480  
20   3    5    20   3    92.829750      (9.81, 2.05, 1.83) (0.65, 3.76, 9.07) (8.87, 9.56, 5.34) (9.6, 2.02, 9) (0.83, 7.06, 3.34)          0.019928  
------------------------------------------------------------------------------------------------------------------------------------------------------
30   3    2    10   2    13.073737      (8.06, 9.59, 0.27) (6.71, 0.35, 9.42)                                                               0.002130  
30   3    2    10   3    13.073737      (8.06, 9.59, 0.27) (6.71, 0.35, 9.42)                                                               0.002795  
30   3    2    20   2    13.073737      (8.06, 9.59, 0.27) (6.71, 0.35, 9.42)                                                               0.003483  
30   3    2    20   3    13.073737      (8.06, 9.59, 0.27) (6.71, 0.35, 9.42)                                                               0.004817  
30   3    3    10   2    34.290527      (8.06, 9.59, 0.27) (1.53, 8.09, 9.56) (8.32, 0.47, 8.98)                                            0.004883  
30   3    3    10   3    34.290527      (8.06, 9.59, 0.27) (1.53, 8.09, 9.56) (8.32, 0.47, 8.98)                                            0.005114  
30   3    3    20   2    34.290527      (1.53, 8.09, 9.56) (8.06, 9.59, 0.27) (8.32, 0.47, 8.98)                                            0.008128  
30   3    3    20   3    34.290527      (1.53, 8.09, 9.56) (8.06, 9.59, 0.27) (8.32, 0.47, 8.98)                                            0.010422  
30   3    4    10   2    63.701962      (1.53, 8.09, 9.56) (8.06, 9.59, 0.27) (8.32, 0.47, 8.98) (6.75, 0.07, 1.8)                          0.009769  
30   3    4    10   3    63.701958      (6.75, 0.07, 1.8) (1.53, 8.09, 9.56) (8.06, 9.59, 0.27) (8.32, 0.47, 8.98)                          0.009146  
30   3    4    20   2    63.701962      (1.53, 8.09, 9.56) (8.06, 9.59, 0.27) (8.32, 0.47, 8.98) (6.75, 0.07, 1.8)                          0.018179  
30   3    4    20   3    63.701962      (1.53, 8.09, 9.56) (8.06, 9.59, 0.27) (8.32, 0.47, 8.98) (6.75, 0.07, 1.8)                          0.017598  
30   3    5    10   2    99.592033      (8.06, 9.59, 0.27) (1.53, 8.09, 9.56) (7.54, 8.93, 9.66) (6.75, 0.07, 1.8) (8.32, 0.47, 8.98)       0.016681  
30   3    5    10   3    99.592041      (1.53, 8.09, 9.56) (8.32, 0.47, 8.98) (8.06, 9.59, 0.27) (7.54, 8.93, 9.66) (6.75, 0.07, 1.8)       0.018164  
30   3    5    20   2    99.592041      (8.06, 9.59, 0.27) (8.32, 0.47, 8.98) (7.54, 8.93, 9.66) (6.75, 0.07, 1.8) (1.53, 8.09, 9.56)       0.030435  
30   3    5    20   3    99.592041      (6.75, 0.07, 1.8) (1.53, 8.09, 9.56) (8.06, 9.59, 0.27) (7.54, 8.93, 9.66) (8.32, 0.47, 8.98)       0.035575  
------------------------------------------------------------------------------------------------------------------------------------------------------