============================================================================================================================================
n    K    m    z              S                                                                                                   CPU (s)   
============================================================================================================================================
15   2    2    11.859216      (8.65, 9.98) (0.58, 1.29)                                                                           0.000298  
15   2    3    27.372700      (8.65, 9.98) (0.58, 1.29) (9.11, 3.23)                                                              0.000327  
15   2    4    49.546154      (8.65, 9.98) (0.58, 1.29) (9.96, 8.17) (0.16, 4.62)                                                 0.000592  
15   2    5    76.653526      (8.65, 9.98) (0.58, 1.29) (1.59, 1.57) (8.41, 9.98) (9.11, 3.23)                                    0.000833  
--------------------------------------------------------------------------------------------------------------------------------------------
20   2    2    8.510329       (0.63, 5.96) (8.67, 3.17)                                                                           0.000247  
20   2    3    21.996086      (0.63, 5.96) (8.67, 3.17) (8.57, 8.36)                                                              0.000443  
20   2    4    40.002254      (8.67, 3.17) (8.57, 8.36) (1.16, 4.47) (3.47, 9.43)                                                 0.000733  
20   2    5    62.872864      (0.63, 5.96) (8.67, 3.17) (8.57, 8.36) (1.16, 4.47) (3.47, 9.43)                                    0.001154  
--------------------------------------------------------------------------------------------------------------------------------------------
30   2    2    11.657144      (9.84, 8.96) (2.07, 0.27)                                                                           0.000336  
30   2    3    28.944302      (9.84, 8.96) (2.07, 0.27) (1.91, 9.6)                                                               0.000659  
30   2    4    52.771175      (9.84, 8.96) (2.07, 0.27) (1.91, 9.6) (8., 1.53)                                                    0.001127  
30   2    5    80.910248      (9.84, 8.96) (2.07, 0.27) (1.91, 9.6) (8., 1.53) (0.65, 3.26)                                       0.000967  
--------------------------------------------------------------------------------------------------------------------------------------------
15   3    2    13.273240      (9.88, 9.88, 6.26) (0.3, 0.92, 4.23)                                                                0.000094  
15   3    3    31.868526      (9.88, 9.88, 6.26) (1.71, 1.95, 9.22) (5.17, 1.39, 0.91)                                            0.000144  
15   3    4    59.763760      (9.88, 9.88, 6.26) (0.3, 0.92, 4.23) (1.71, 1.95, 9.22) (6.65, 9.45, 1.02)                          0.000189  
15   3    5    96.085831      (9.88, 9.88, 6.26) (0.3, 0.92, 4.23) (1.71, 1.95, 9.22) (9.47, 3.56, 1.83) (1.15, 9.21, 3.11)       0.000299  
--------------------------------------------------------------------------------------------------------------------------------------------
20   3    2    11.800310      (9.81, 2.05, 1.83) (0.65, 3.76, 9.07)                                                               0.000085  
20   3    3    30.872660      (9.81, 2.05, 1.83) (0.65, 3.76, 9.07) (8.87, 9.56, 5.34)                                            0.000153  
20   3    4    56.690311      (9.81, 2.05, 1.83) (0.65, 3.76, 9.07) (0.83, 7.06, 3.34) (9.6, 2.02, 9.)                            0.000245  
20   3    5    92.829750      (9.81, 2.05, 1.83) (0.65, 3.76, 9.07) (8.87, 9.56, 5.34) (0.83, 7.06, 3.34) (9.6, 2.02, 9.)         0.000340  
--------------------------------------------------------------------------------------------------------------------------------------------
30   3    2    13.073737      (8.06, 9.59, 0.27) (6.71, 0.35, 9.42)                                                               0.000102  
30   3    3    34.290527      (8.06, 9.59, 0.27) (1.53, 8.09, 9.56) (8.32, 0.47, 8.98)                                            0.000190  
30   3    4    63.701958      (8.06, 9.59, 0.27) (1.53, 8.09, 9.56) (6.75, 0.07, 1.8) (8.32, 0.47, 8.98)                          0.000416  
30   3    5    99.592033      (8.06, 9.59, 0.27) (1.53, 8.09, 9.56) (6.75, 0.07, 1.8) (7.54, 8.93, 9.66) (8.32, 0.47, 8.98)       0.000919  
--------------------------------------------------------------------------------------------------------------------------------------------
