======================================================================================================================================================
n    K    m    z              S                                                                                                   CPU (s)   Nodes     
======================================================================================================================================================
15   2    3    27.372700      (8.65, 9.98) (9.11, 3.23) (0.58, 1.29)                                                              0.054465  615       
15   2    4    49.826782      (8.65, 9.98) (9.11, 3.23) (0.16, 4.62) (0.58, 1.29)                                                 0.342138  4549      
15   2    5    79.129539      (8.65, 9.98) (0.16, 4.62) (0.58, 1.29) (9.11, 3.23) (9.96, 8.17)                                    5.871647  79317     
------------------------------------------------------------------------------------------------------------------------------------------------------
20   2    3    21.996086      (0.63, 5.96) (8.67, 3.17) (8.57, 8.36)                                                              0.060959  400       
20   2    4    40.002258      (1.16, 4.47) (3.47, 9.43) (8.57, 8.36) (8.67, 3.17)                                                 0.640842  4386      
20   2    5    63.651680      (8.57, 8.36) (8.67, 3.17) (3.47, 9.43) (0.63, 5.96) (1.97, 3.5)                                     7.582233  54928     
------------------------------------------------------------------------------------------------------------------------------------------------------
15   3    3    31.868526      (1.71, 1.95, 9.22) (5.17, 1.39, 0.91) (9.88, 9.88, 6.26)                                            0.044110  511       
15   3    4    59.763760      (9.88, 9.88, 6.26) (0.3, 0.92, 4.23) (1.71, 1.95, 9.22) (6.65, 9.45, 1.02)                          0.118960  1393      
15   3    5    96.085846      (0.3, 0.92, 4.23) (9.88, 9.88, 6.26) (1.15, 9.21, 3.11) (1.71, 1.95, 9.22) (9.47, 3.56, 1.83)       0.773709  9434      
------------------------------------------------------------------------------------------------------------------------------------------------------
20   3    3    30.872660      (9.81, 2.05, 1.83) (0.65, 3.76, 9.07) (8.87, 9.56, 5.34)                                            0.063546  400       
20   3    4    56.690315      (9.81, 2.05, 1.83) (9.6, 2.02, 9) (0.65, 3.76, 9.07) (0.83, 7.06, 3.34)                             0.432962  2852      
20   3    5    92.829750      (9.81, 2.05, 1.83) (0.65, 3.76, 9.07) (8.87, 9.56, 5.34) (0.83, 7.06, 3.34) (9.6, 2.02, 9)          1.022057  6882      
------------------------------------------------------------------------------------------------------------------------------------------------------
